Starting Dynare (version 5.2).
Calling Dynare with arguments: none
Starting preprocessing of the model file ...
Found 13 equation(s).
Evaluating expressions...done
Computing static model derivatives (order 1).
Computing dynamic model derivatives (order 2).
Processing outputs ...
done
Preprocessing completed.


STEADY-STATE RESULTS:

c     		 0.759836
ii    		 0.010101
pi    		 1
m     		 0.709414
N     		 0.759836
phi   		 0.333333
Delta 		 1
w     		 0.333333
s     		 1
g1    		 1.23958
g2    		 3.71873
z     		 1
m_dot 		 1

EIGENVALUES:
         Modulus             Real        Imaginary

          0.5222           0.5222                0
             0.6              0.6                0
             0.6              0.6                0
             0.8              0.8                0
            1.02             1.02                0
           1.684            1.684                0
           1.915            1.915                0
       1.229e+16       -1.229e+16                0


There are 4 eigenvalue(s) larger than 1 in modulus 
for 4 forward-looking variable(s)

The rank condition is verified.


MODEL SUMMARY

  Number of variables:         13
  Number of stochastic shocks: 2
  Number of state variables:   4
  Number of jumpers:           4
  Number of static variables:  5


MATRIX OF COVARIANCE OF EXOGENOUS SHOCKS
Variables          nu     eps_z
nu           0.000100  0.000000
eps_z        0.000000  0.000100

POLICY AND TRANSITION FUNCTIONS
                                   c              ii              pi               m               N             phi           Delta               w               s              g1              g2               z           m_dot
Constant                    0.757172        0.009867        0.992924        0.714434        0.757172        0.328659        1.000000        0.328659        0.989386        1.228714        3.725614        1.000000        1.000000
(correction)               -0.002664       -0.000234       -0.007076        0.005020       -0.002664       -0.004675               0       -0.004675       -0.010614       -0.010862        0.006886               0               0
m(-1)                       0.228345       -0.007355        0.673555        0.522171        0.228345        0.400692               0        0.400692        1.010333        1.111222       -0.423488               0               0
Delta(-1)                  -0.058322        0.001768        0.182581       -0.129526        0.397579        0.197658        0.600000        0.197658        0.273872        0.459150        0.358995               0               0
z(-1)                       0.156327       -0.004298       -0.467788        0.331855       -0.451541       -0.392349               0       -0.125682       -0.701682       -1.324479       -1.364074        0.800000               0
m_dot(-1)                   0.234108        0.009948        0.702353       -0.072611        0.234108        0.410805               0        0.410805        1.053530        1.167086       -0.416535               0        0.600000
nu                          0.390181        0.016579        1.170589       -0.121018        0.390181        0.684676               0        0.684676        1.755884        1.945143       -0.694226               0        1.000000
eps_z                       0.195409       -0.005372       -0.584735        0.414819       -0.564427       -0.490436               0       -0.157103       -0.877102       -1.655599       -1.705093        1.000000               0
m(-1),m(-1)                -0.136589        0.008005       -0.225782       -0.191538        0.251221        0.196135        0.510386        0.196135        0.256778        0.436192        0.781551               0               0
Delta(-1),m(-1)            -0.086916        0.000737        0.336962       -0.247141        0.720951        0.557290        0.882902        0.557290        0.828262        1.306769        0.593503               0               0
Delta(-1),Delta(-1)        -0.005050        0.000352        0.038264       -0.003496        0.113311        0.056727        0.201826        0.056727        0.101149        0.191183        0.099085               0               0
z(-1),m(-1)                 0.050533        0.003043       -0.326690        0.252501       -0.670815       -0.819864       -0.708932       -0.499310       -1.317123       -2.053363       -0.181054               0               0
z(-1),Delta(-1)             0.050593       -0.002534       -0.275348        0.074155       -0.639590       -0.429408       -0.613180       -0.271282       -0.637222       -1.207325       -0.626839               0               0
z(-1),z(-1)                -0.077850        0.003318        0.381286       -0.115252        0.531225        0.522502        0.246179        0.181956        0.859137        1.771805        1.163372       -0.080000               0
m_dot(-1),m(-1)             0.052934       -0.006819        0.526030       -0.091014        0.861715        0.995459        1.064416        0.995459        2.030865        2.559858        0.994337               0               0
m_dot(-1),Delta(-1)        -0.091330        0.003778        0.347878       -0.142559        0.748678        0.575192        0.920651        0.575192        0.858439        1.361472        0.627981               0               0
m_dot(-1),z(-1)             0.055203       -0.004096       -0.331386       -0.031956       -0.693787       -0.840809       -0.739243       -0.512165       -1.359529       -2.136366       -0.208563               0               0
m_dot(-1),m_dot(-1)        -0.093399        0.000064       -0.079695        0.022406        0.328281        0.303444        0.554963        0.303444        0.527914        0.754388        0.738829               0       -0.120000
nu,nu                       0.065708        0.013993        0.754115       -0.038610        1.237044        1.413463        1.541564        1.413463        2.929663        3.716474        1.473781               0        0.500000
eps_z,nu                    0.115006       -0.008534       -0.690387       -0.066576       -1.445390       -1.751686       -1.540089       -1.067010       -2.832351       -4.450763       -0.434506               0               0
eps_z,eps_z                 0.000490        0.001827        0.230300        0.079181        0.477273        0.509887        0.384654        0.186117        0.794213        1.733696        0.752085        0.500000               0
m(-1),nu                    0.088223       -0.011366        0.876717       -0.151690        1.436192        1.659098        1.774027        1.659098        3.384774        4.266430        1.657229               0               0
m(-1),eps_z                 0.063166        0.003804       -0.408363        0.315626       -0.838519       -1.024830       -0.886165       -0.624138       -1.646403       -2.566704       -0.226318               0               0
Delta(-1),nu               -0.152217        0.006296        0.579797       -0.237599        1.247797        0.958653        1.534418        0.958653        1.430731        2.269120        1.046635               0               0
Delta(-1),eps_z             0.063241       -0.003168       -0.344185        0.092693       -0.799487       -0.536760       -0.766475       -0.339102       -0.796527       -1.509157       -0.783549               0               0
z(-1),nu                    0.092005       -0.006827       -0.552310       -0.053261       -1.156312       -1.401348       -1.232071       -0.853608       -2.265881       -3.560610       -0.347605               0               0
z(-1),eps_z                 0.000784        0.002923        0.368480        0.126689        0.763637        0.815819        0.615446        0.297788        1.270741        2.773914        1.203336        0.800000               0
m_dot(-1),nu                0.078850        0.016791        0.904938       -0.046332        1.484452        1.696155        1.849877        1.696155        3.515596        4.459769        1.768537               0        0.600000
m_dot(-1),eps_z             0.069004       -0.005121       -0.414232       -0.039946       -0.867234       -1.051011       -0.924054       -0.640206       -1.699411       -2.670458       -0.260704               0               0


MOMENTS OF SIMULATED VARIABLES
VARIABLE              MEAN       STD. DEV.        VARIANCE        SKEWNESS        KURTOSIS
c                 0.759484        0.007298        0.000053       -0.093678        0.002284
ii                0.009795        0.000271        0.000000        0.086826        0.031226
pi                0.999979        0.015156        0.000230        0.097111        0.002498
m                 0.719857        0.012655        0.000160       -0.114236        0.044153
N                 0.760007        0.008815        0.000078        0.174918        0.051701
phi               0.333106        0.009840        0.000097        0.199583        0.061856
Delta             1.000792        0.000701        0.000000        2.467480       10.301467
w                 0.333125        0.008962        0.000080        0.181151        0.034258
s                 1.000329        0.023034        0.000531        0.173393        0.036757
g1                1.241011        0.030064        0.000904        0.172229        0.046030
g2                3.721907        0.033048        0.001092        0.220384        0.081561
z                 1.000255        0.016325        0.000266       -0.109541        0.013956
m_dot             0.999997        0.012475        0.000156        0.055746       -0.025024


CORRELATION OF SIMULATED VARIABLES
VARIABLE          c       ii       pi        m        N      phi    Delta        w        s       g1       g2        z    m_dot
c            1.0000   0.0252   0.5052   0.6560  -0.2053   0.2844   0.2270   0.7683   0.5050   0.1502  -0.8882   0.7409   0.6335
ii           0.0252   1.0000   0.7560  -0.7376   0.8360   0.8293   0.5027   0.5690   0.7558   0.8551   0.3734  -0.5553   0.7893
pi           0.5052   0.7560   1.0000  -0.2295   0.7405   0.9708   0.5404   0.9399   0.9998   0.9290  -0.0525  -0.2050   0.9015
m            0.6560  -0.7376  -0.2295   1.0000  -0.7692  -0.4337  -0.2201   0.0894  -0.2293  -0.5437  -0.8813   0.9195  -0.1682
N           -0.2053   0.8360   0.7405  -0.7692   1.0000   0.8798   0.4602   0.4685   0.7409   0.9366   0.6315  -0.8082   0.5280
phi          0.2844   0.8293   0.9708  -0.4337   0.8798   1.0000   0.5526   0.8319   0.9710   0.9905   0.1874  -0.4323   0.8235
Delta        0.2270   0.5027   0.5404  -0.2201   0.4602   0.5526   1.0000   0.5124   0.5512   0.5318   0.0247  -0.1482   0.5283
w            0.7683   0.5690   0.9399   0.0894   0.4685   0.8319   0.5124   1.0000   0.9402   0.7478  -0.3888   0.1405   0.9168
s            0.5050   0.7558   0.9998  -0.2293   0.7409   0.9710   0.5512   0.9402   1.0000   0.9291  -0.0524  -0.2048   0.9013
g1           0.1502   0.8551   0.9290  -0.5437   0.9366   0.9905   0.5318   0.7478   0.9291   1.0000   0.3205  -0.5520   0.7612
g2          -0.8882   0.3734  -0.0525  -0.8813   0.6315   0.1874   0.0247  -0.3888  -0.0524   0.3205   1.0000  -0.9663  -0.2530
z            0.7409  -0.5553  -0.2050   0.9195  -0.8082  -0.4323  -0.1482   0.1405  -0.2048  -0.5520  -0.9663   1.0000   0.0201
m_dot        0.6335   0.7893   0.9015  -0.1682   0.5280   0.8235   0.5283   0.9168   0.9013   0.7612  -0.2530   0.0201   1.0000


AUTOCORRELATION OF SIMULATED VARIABLES
VARIABLE         1       2       3       4       5
c           0.7659  0.5830  0.4546  0.3507  0.2717
ii          0.7585  0.5655  0.4300  0.3265  0.2523
pi          0.5065  0.2361  0.1116  0.0428  0.0079
m           0.9300  0.8111  0.6851  0.5688  0.4687
N           0.6274  0.4067  0.2830  0.2033  0.1527
phi         0.5116  0.2462  0.1230  0.0560  0.0221
Delta       0.7912  0.5427  0.3544  0.2272  0.1434
w           0.5635  0.3079  0.1808  0.1027  0.0564
s           0.5064  0.2357  0.1114  0.0430  0.0082
g1          0.5324  0.2764  0.1539  0.0854  0.0490
g2          0.8277  0.6736  0.5472  0.4392  0.3532
z           0.7978  0.6377  0.5135  0.4114  0.3319
m_dot       0.6027  0.3488  0.2108  0.1194  0.0657



VARIANCE DECOMPOSITION SIMULATING ONE SHOCK AT A TIME (in percent)
                       nu             eps_z  Tot. lin. contr.
c                   39.53             59.45             98.99
ii                  63.75             37.42            101.17
pi                  84.48             18.10            102.59
m                    4.03             96.37            100.40
N                   30.44             71.82            102.27
phi                 71.32             31.60            102.92
Delta               77.32              6.33             83.65
w                   85.97             15.20            101.18
s                   84.42             18.07            102.50
g1                  61.40             41.61            103.00
g2                   5.69             93.43             99.12
z                    0.00            100.01            100.01
m_dot              100.01              0.00            100.01
Note: numbers do not add up to 100 due to i) non-zero correlation of simulated shocks in small samples and ii) nonlinearity

Total computing time : 0h00m13s
